2.556989e+00
2.553819e+00
2.550637e+00
2.547468e+00
2.544299e+00
2.541131e+00
2.537964e+00
2.534797e+00
2.531631e+00
2.528466e+00
2.525313e+00
2.522148e+00
2.518996e+00
2.515833e+00
2.512683e+00
2.509533e+00
2.506372e+00
2.503223e+00
2.500075e+00
2.496928e+00
2.493781e+00
2.490646e+00
2.487501e+00
2.484356e+00
2.481223e+00
2.478079e+00
2.474948e+00
2.471817e+00
2.468687e+00
2.465558e+00
2.462429e+00
2.459301e+00
2.456173e+00
2.453046e+00
2.449920e+00
2.446806e+00
2.443680e+00
2.440568e+00
2.437444e+00
2.434332e+00
2.431221e+00
2.428111e+00
2.425001e+00
2.421892e+00
2.418784e+00
2.415676e+00
2.412581e+00
2.409474e+00
2.406380e+00
2.403274e+00
2.400181e+00
2.397077e+00
2.393985e+00
2.390894e+00
2.387804e+00
2.384714e+00
2.381624e+00
2.378547e+00
2.375459e+00
2.372372e+00
2.369297e+00
2.366210e+00
2.363136e+00
2.360063e+00
2.356990e+00
2.353918e+00
2.350847e+00
2.347776e+00
2.344706e+00
2.341636e+00
2.338567e+00
2.335510e+00
2.332442e+00
2.329387e+00
2.326332e+00
2.323266e+00
2.320212e+00
2.317159e+00
2.314107e+00
2.311055e+00
2.308003e+00
2.304964e+00
2.301914e+00
2.298865e+00
2.295828e+00
2.292780e+00
2.289744e+00
2.286708e+00
2.283674e+00
2.280639e+00
2.277606e+00
2.274573e+00
2.271541e+00
2.268509e+00
2.265478e+00
2.262459e+00
2.259429e+00
2.256411e+00
2.253394e+00
2.250366e+00
2.247350e+00
2.244335e+00
2.241321e+00
2.238307e+00
2.235293e+00
2.232292e+00
2.229280e+00
2.226268e+00
2.223269e+00
2.220270e+00
2.217260e+00
2.214263e+00
2.211266e+00
2.208269e+00
2.205273e+00
2.202278e+00
2.199284e+00
2.196290e+00
2.193308e+00
2.190315e+00
2.187335e+00
2.184343e+00
2.181364e+00
2.178385e+00
2.175407e+00
2.172429e+00
2.169452e+00
2.166476e+00
2.163500e+00
2.160525e+00
2.157562e+00
2.154588e+00
2.151626e+00
2.148653e+00
2.145692e+00
2.142732e+00
2.139761e+00
2.136802e+00
2.133844e+00
2.130898e+00
2.127941e+00
2.124984e+00
2.122029e+00
2.119085e+00
2.116130e+00
2.113188e+00
2.110246e+00
2.107304e+00
2.104364e+00
2.101412e+00
2.098484e+00
2.095545e+00
2.092606e+00
2.089669e+00
2.086743e+00
2.083806e+00
2.080882e+00
2.077946e+00
2.075023e+00
2.072100e+00
2.069178e+00
2.066257e+00
2.063336e+00
2.060415e+00
2.057496e+00
2.054576e+00
2.051669e+00
2.048751e+00
2.045846e+00
2.042940e+00
2.040024e+00
2.037120e+00
2.034216e+00
2.031313e+00
2.028411e+00
2.025509e+00
2.022619e+00
2.019719e+00
2.016819e+00
2.013931e+00
2.011032e+00
2.008145e+00
2.005259e+00
2.002373e+00
1.999488e+00
1.996604e+00
1.993720e+00
1.990837e+00
1.987954e+00
1.985072e+00
1.982202e+00
1.979321e+00
1.976452e+00
1.973584e+00
1.970716e+00
1.967837e+00
1.964971e+00
1.962105e+00
1.959240e+00
1.956386e+00
1.953522e+00
1.950658e+00
1.947807e+00
1.944944e+00
1.942094e+00
1.939244e+00
1.936383e+00
1.933534e+00
1.930686e+00
1.927839e+00
1.924992e+00
1.922157e+00
1.919311e+00
1.916466e+00
1.913633e+00
1.910788e+00
1.907956e+00
1.905125e+00
1.902294e+00
1.899452e+00
1.896622e+00
1.893793e+00
1.890976e+00
1.888148e+00
1.885320e+00
1.882505e+00
1.879679e+00
1.876864e+00
1.874039e+00
1.871226e+00
1.868413e+00
1.865601e+00
1.862790e+00
1.859979e+00
1.857169e+00
1.854359e+00
1.851561e+00
1.848752e+00
1.845956e+00
1.843148e+00
1.840353e+00
1.837558e+00
1.834764e+00
1.831958e+00
1.829165e+00
1.826384e+00
1.823592e+00
1.820800e+00
1.818009e+00
1.815230e+00
1.812441e+00
1.809663e+00
1.806886e+00
1.804109e+00
1.801321e+00
1.798546e+00
1.795771e+00
1.793008e+00
1.790234e+00
1.787460e+00
1.784688e+00
1.781927e+00
1.779155e+00
1.776396e+00
1.773636e+00
1.770878e+00
1.768120e+00
1.765363e+00
1.762606e+00
1.759849e+00
1.757094e+00
1.754338e+00
1.751595e+00
1.748841e+00
1.746099e+00
1.743357e+00
1.740605e+00
1.737865e+00
1.735125e+00
1.732385e+00
1.729647e+00
1.726908e+00
1.724182e+00
1.721445e+00
1.718708e+00
1.715984e+00
1.713260e+00
1.710525e+00
1.707802e+00
1.705080e+00
1.702358e+00
1.699636e+00
1.696916e+00
1.694195e+00
1.691476e+00
1.688768e+00
1.686050e+00
1.683343e+00
1.680637e+00
1.677920e+00
1.675215e+00
1.672511e+00
1.669807e+00
1.667104e+00
1.664401e+00
1.661699e+00
1.659008e+00
1.656307e+00
1.653618e+00
1.650918e+00
1.648230e+00
1.645542e+00
1.642844e+00
1.640158e+00
1.637472e+00
1.634786e+00
1.632113e+00
1.629429e+00
1.626745e+00
1.624073e+00
1.621390e+00
1.618720e+00
1.616050e+00
1.613368e+00
1.610699e+00
1.608031e+00
1.605363e+00
1.602695e+00
1.600028e+00
1.597373e+00
1.594707e+00
1.592054e+00
1.589389e+00
1.586736e+00
1.584084e+00
1.581420e+00
1.578769e+00
1.576118e+00
1.573468e+00
1.570818e+00
1.568181e+00
1.565532e+00
1.562884e+00
1.560248e+00
1.557612e+00
1.554966e+00
1.552331e+00
1.549697e+00
1.547064e+00
1.544431e+00
1.541799e+00
1.539167e+00
1.536535e+00
1.533916e+00
1.531286e+00
1.528667e+00
1.526038e+00
1.523421e+00
1.520804e+00
1.518188e+00
1.515572e+00
1.512957e+00
1.510342e+00
1.507728e+00
1.505114e+00
1.502512e+00
1.499900e+00
1.497299e+00
1.494688e+00
1.492088e+00
1.489489e+00
1.486890e+00
1.484292e+00
1.481695e+00
1.479098e+00
1.476501e+00
1.473917e+00
1.471321e+00
1.468737e+00
1.466143e+00
1.463561e+00
1.460979e+00
1.458397e+00
1.455816e+00
1.453236e+00
1.450656e+00
1.448076e+00
1.445497e+00
1.442930e+00
1.440353e+00
1.437787e+00
1.435210e+00
1.432645e+00
1.430081e+00
1.427517e+00
1.424953e+00
1.422390e+00
1.419828e+00
1.417266e+00
1.414716e+00
1.412155e+00
1.409606e+00
1.407047e+00
1.404499e+00
1.401951e+00
1.399393e+00
1.396847e+00
1.394301e+00
1.391756e+00
1.389222e+00
1.386678e+00
1.384134e+00
1.381602e+00
1.379059e+00
1.376528e+00
1.373998e+00
1.371457e+00
1.368927e+00
1.366398e+00
1.363870e+00
1.361353e+00
1.358826e+00
1.356299e+00
1.353784e+00
1.351258e+00
1.348744e+00
1.346219e+00
1.343706e+00
1.341194e+00
1.338682e+00
1.336170e+00
1.333659e+00
1.331149e+00
1.328639e+00
1.326141e+00
1.323632e+00
1.321135e+00
1.318627e+00
1.316131e+00
1.313635e+00
1.311140e+00
1.308645e+00
1.306151e+00
1.303658e+00
1.301165e+00
1.298683e+00
1.296191e+00
1.293700e+00
1.291220e+00
1.288741e+00
1.286250e+00
1.283772e+00
1.281294e+00
1.278817e+00
1.276340e+00
1.273875e+00
1.271400e+00
1.268924e+00
1.266461e+00
1.263986e+00
1.261524e+00
1.259062e+00
1.256589e+00
1.254128e+00
1.251668e+00
1.249208e+00
1.246748e+00
1.244300e+00
1.241842e+00
1.239384e+00
1.236938e+00
1.234492e+00
1.232035e+00
1.229590e+00
1.227146e+00
1.224702e+00
1.222259e+00
1.219816e+00
1.217374e+00
1.214932e+00
1.212502e+00
1.210061e+00
1.207632e+00
1.205192e+00
1.202764e+00
1.200337e+00
1.197909e+00
1.195483e+00
1.193057e+00
1.190631e+00
1.188206e+00
1.185793e+00
1.183368e+00
1.180945e+00
1.178533e+00
1.176121e+00
1.173699e+00
1.171289e+00
1.168879e+00
1.166469e+00
1.164060e+00
1.161663e+00
1.159255e+00
1.156847e+00
1.154451e+00
1.152045e+00
1.149650e+00
1.147256e+00
1.144862e+00
1.142457e+00
1.140064e+00
1.137672e+00
1.135291e+00
1.132900e+00
1.130509e+00
1.128129e+00
1.125739e+00
1.123361e+00
1.120983e+00
1.118595e+00
1.116218e+00
1.113841e+00
1.111465e+00
1.109090e+00
1.106715e+00
1.104352e+00
1.101978e+00
1.099616e+00
1.097242e+00
1.094881e+00
1.092520e+00
1.090149e+00
1.087789e+00
1.085429e+00
1.083071e+00
1.080723e+00
1.078365e+00
1.076008e+00
1.073662e+00
1.071305e+00
1.068961e+00
1.066616e+00
1.064261e+00
1.061918e+00
1.059575e+00
1.057232e+00
1.054890e+00
1.052560e+00
1.050219e+00
1.047878e+00
1.045549e+00
1.043221e+00
1.040882e+00
1.038554e+00
1.036227e+00
1.033900e+00
1.031574e+00
1.029249e+00
1.026924e+00
1.024599e+00
1.022286e+00
1.019962e+00
1.017650e+00
1.015327e+00
1.013016e+00
1.010705e+00
1.008395e+00
1.006085e+00
1.003776e+00
1.001467e+00
9.991590e-01
9.968623e-01
9.945549e-01
9.922592e-01
9.899527e-01
9.876578e-01
9.853635e-01
9.830696e-01
9.807762e-01
9.784832e-01
9.761907e-01
9.738986e-01
9.716070e-01
9.693271e-01
9.670364e-01
9.647574e-01
9.624676e-01
9.601895e-01
9.579119e-01
9.556347e-01
9.533580e-01
9.510818e-01
9.488060e-01
9.465418e-01
9.442669e-01
9.419925e-01
9.397297e-01
9.374674e-01
9.351943e-01
9.329329e-01
9.306720e-01
9.284115e-01
9.261514e-01
9.238918e-01
9.216439e-01
9.193852e-01
9.171270e-01
9.148804e-01
9.126230e-01
9.103774e-01
9.081321e-01
9.058873e-01
9.036430e-01
9.013991e-01
8.991557e-01
8.969127e-01
8.946702e-01
8.924393e-01
8.901976e-01
8.879677e-01
8.857381e-01
8.834978e-01
8.812692e-01
8.790410e-01
8.768132e-01
8.745859e-01
8.723702e-01
8.701438e-01
8.679178e-01
8.657035e-01
8.634784e-01
8.612649e-01
8.590519e-01
8.568282e-01
8.546160e-01
8.524044e-01
8.501931e-01
8.479935e-01
8.457832e-01
8.435732e-01
8.413750e-01
8.391659e-01
8.369685e-01
8.347604e-01
8.325638e-01
8.303678e-01
8.281721e-01
8.259769e-01
8.237821e-01
8.215990e-01
8.194051e-01
8.172116e-01
8.150298e-01
8.128372e-01
8.106563e-01
8.084757e-01
8.062956e-01
8.041160e-01
8.019368e-01
7.997580e-01
7.975796e-01
7.954017e-01
7.932354e-01
7.910583e-01
7.888929e-01
7.867167e-01
7.845521e-01
7.823880e-01
7.802243e-01
7.780610e-01
7.758982e-01
7.737357e-01
7.715849e-01
7.694234e-01
7.672622e-01
7.651127e-01
7.629636e-01
7.608038e-01
7.586555e-01
7.565077e-01
7.543603e-01
7.522134e-01
7.500669e-01
7.479319e-01
7.457863e-01
7.436410e-01
7.415074e-01
7.393630e-01
7.372302e-01
7.350978e-01
7.329658e-01
7.308343e-01
7.287032e-01
7.265725e-01
7.244423e-01
7.223236e-01
7.201942e-01
7.180763e-01
7.159478e-01
7.138308e-01
7.117142e-01
7.095870e-01
7.074712e-01
7.053559e-01
7.032522e-01
7.011378e-01
6.990237e-01
6.969212e-01
6.948081e-01
6.927064e-01
6.905941e-01
6.884933e-01
6.863929e-01
6.842930e-01
6.821934e-01
6.800943e-01
6.779956e-01
6.758973e-01
6.738106e-01
6.717132e-01
6.696273e-01
6.675307e-01
6.654456e-01
6.633609e-01
6.612767e-01
6.591929e-01
6.571095e-01
6.550265e-01
6.529550e-01
6.508729e-01
6.487912e-01
6.467209e-01
6.446511e-01
6.425707e-01
6.405017e-01
6.384331e-01
6.363650e-01
6.342973e-01
6.322299e-01
6.301630e-01
6.281077e-01
6.260416e-01
6.239870e-01
6.219218e-01
6.198680e-01
6.178147e-01
6.157618e-01
6.137092e-01
6.116571e-01
6.096054e-01
6.075542e-01
6.055144e-01
6.034639e-01
6.014250e-01
5.993753e-01
5.973372e-01
5.952994e-01
5.932510e-01
5.912141e-01
5.891776e-01
5.871525e-01
5.851168e-01
5.830815e-01
5.810577e-01
5.790232e-01
5.770002e-01
5.749665e-01
5.729444e-01
5.709226e-01
5.689012e-01
5.668802e-01
5.648596e-01
5.628395e-01
5.608308e-01
5.588114e-01
5.568035e-01
5.547849e-01
5.527779e-01
5.507712e-01
5.487538e-01
5.467479e-01
5.447425e-01
5.427374e-01
5.407437e-01
5.387395e-01
5.367356e-01
5.347432e-01
5.327401e-01
5.307485e-01
5.287572e-01
5.267664e-01
5.247760e-01
5.227859e-01
5.207963e-01
5.188071e-01
5.168182e-01
5.148408e-01
5.128528e-01
5.108762e-01
5.088890e-01
5.069131e-01
5.049377e-01
5.029627e-01
5.009881e-01
4.990139e-01
4.970400e-01
4.950666e-01
4.931046e-01
4.911319e-01
4.891707e-01
4.871989e-01
4.852384e-01
4.832784e-01
4.813187e-01
4.793595e-01
4.774006e-01
4.754421e-01
4.734841e-01
4.715374e-01
4.695801e-01
4.676342e-01
4.656777e-01
4.637326e-01
4.617879e-01
4.598436e-01
4.578996e-01
4.559561e-01
4.540129e-01
4.520701e-01
4.501388e-01
4.481968e-01
4.462662e-01
4.443250e-01
4.423952e-01
4.404657e-01
4.385367e-01
4.366080e-01
4.346798e-01
4.327519e-01
4.308244e-01
4.288973e-01
4.269815e-01
4.250552e-01
4.231402e-01
4.212257e-01
4.193115e-01
4.173867e-01
4.154733e-01
4.135602e-01
4.116586e-01
4.097463e-01
4.078344e-01
4.059339e-01
4.040228e-01
4.021230e-01
4.002236e-01
3.983137e-01
3.964151e-01
3.945168e-01
3.926190e-01
3.907215e-01
3.888354e-01
3.869387e-01
3.850424e-01
3.831574e-01
3.812728e-01
3.793776e-01
3.774938e-01
3.756103e-01
3.737272e-01
3.718445e-01
3.699622e-01
3.680803e-01
3.662097e-01
3.643285e-01
3.624586e-01
3.605782e-01
3.587091e-01
3.568404e-01
3.549720e-01
3.531040e-01
3.512364e-01
3.493692e-01
3.475023e-01
3.456359e-01
3.437807e-01
3.419150e-01
3.400606e-01
3.382066e-01
3.363420e-01
3.344887e-01
3.326358e-01
3.307832e-01
3.289420e-01
3.270902e-01
3.252388e-01
3.233987e-01
3.215480e-01
3.197086e-01
3.178587e-01
3.160201e-01
3.141818e-01
3.123439e-01
3.105064e-01
3.086692e-01
3.068324e-01
3.050070e-01
3.031709e-01
3.013462e-01
2.995108e-01
2.976868e-01
2.958632e-01
2.940399e-01
2.922170e-01
2.903945e-01
2.885723e-01
2.867504e-01
2.849290e-01
2.831188e-01
2.812981e-01
2.794887e-01
2.776796e-01
2.758709e-01
2.740516e-01
2.722437e-01
2.704360e-01
2.686397e-01
2.668328e-01
2.650263e-01
2.632310e-01
2.614252e-01
2.596307e-01
2.578365e-01
2.560318e-01
2.542384e-01
2.524453e-01
2.506526e-01
2.488602e-01
2.470791e-01
2.452874e-01
2.434961e-01
2.417161e-01
2.399365e-01
2.381462e-01
2.363673e-01
2.345887e-01
2.328105e-01
2.310326e-01
2.292550e-01
2.274779e-01
2.257120e-01
2.239355e-01
2.221703e-01
2.203946e-01
2.186301e-01
2.168659e-01
2.151021e-01
2.133387e-01
2.115756e-01
2.098129e-01
2.080505e-01
2.062994e-01
2.045377e-01
2.027873e-01
2.010264e-01
1.992766e-01
1.975273e-01
1.957783e-01
1.940296e-01
1.922813e-01
1.905333e-01
1.887857e-01
1.870493e-01
1.853024e-01
1.835667e-01
1.818205e-01
1.800855e-01
1.783508e-01
1.766166e-01
1.748826e-01
1.731490e-01
1.714158e-01
1.696828e-01
1.679612e-01
1.662290e-01
1.645080e-01
1.627764e-01
1.610561e-01
1.593362e-01
1.576166e-01
1.558973e-01
1.541784e-01
1.524598e-01
1.507524e-01
1.490346e-01
1.473170e-01
1.456107e-01
1.439047e-01
1.421882e-01
1.404828e-01
1.387779e-01
1.370732e-01
1.353690e-01
1.336650e-01
1.319723e-01
1.302690e-01
1.285769e-01
1.268743e-01
1.251830e-01
1.234919e-01
1.218012e-01
1.201000e-01
1.184208e-01
1.167311e-01
1.150417e-01
1.133527e-01
1.116749e-01
1.099865e-01
1.083094e-01
1.066217e-01
1.049452e-01
1.032691e-01
1.015932e-01
9.991775e-02
9.824260e-02
9.656779e-02
9.490416e-02
9.323001e-02
9.156705e-02
8.989357e-02
8.823127e-02
8.656930e-02
8.490766e-02
8.324636e-02
8.158539e-02
7.992475e-02
7.826444e-02
7.660447e-02
7.495565e-02
7.329634e-02
7.164819e-02
7.000037e-02
6.834205e-02
6.669489e-02
6.504805e-02
6.340155e-02
6.176620e-02
6.012036e-02
5.847484e-02
5.684048e-02
5.519562e-02
5.356191e-02
5.192852e-02
5.028465e-02
4.865192e-02
4.701952e-02
4.538744e-02
4.376651e-02
4.213508e-02
4.050398e-02
3.888402e-02
3.725357e-02
3.563426e-02
3.401528e-02
3.238581e-02
3.076747e-02
2.914945e-02
2.753176e-02
2.592520e-02
2.430815e-02
2.269143e-02
2.108583e-02
1.946976e-02
1.786480e-02
1.626017e-02
1.465586e-02
1.305187e-02
1.144820e-02
9.844851e-03
8.241823e-03
6.639115e-03
5.047520e-03
3.445452e-03
1.854496e-03
2.638577e-04
1.337252e-03
2.927253e-03
4.516936e-03
6.106301e-03
7.695348e-03
9.273293e-03
1.086171e-02
1.244980e-02
1.402680e-02
1.560348e-02
1.719062e-02
1.876667e-02
2.034240e-02
2.191782e-02
2.349292e-02
2.506771e-02
2.664219e-02
2.820557e-02
2.977941e-02
3.134217e-02
3.291539e-02
3.447752e-02
3.603934e-02
3.760085e-02
3.916204e-02
4.072292e-02
4.228349e-02
4.384375e-02
4.539293e-02
4.695257e-02
4.850113e-02
5.006014e-02
5.160808e-02
5.315571e-02
5.470304e-02
5.625005e-02
5.779675e-02
5.934314e-02
6.087847e-02
6.242425e-02
6.395896e-02
6.550412e-02
6.703822e-02
6.857201e-02
7.011625e-02
7.164943e-02
7.318230e-02
7.470411e-02
7.623637e-02
7.776833e-02
7.928923e-02
8.082057e-02
8.234086e-02
8.387159e-02
8.539128e-02
8.691066e-02
8.842973e-02
8.994850e-02
9.146697e-02
9.297440e-02
9.449226e-02
9.600982e-02
9.751634e-02
9.902256e-02
1.005392e-01
1.020448e-01
1.035501e-01
1.050552e-01
1.065599e-01
1.080643e-01
1.095577e-01
1.110615e-01
1.125650e-01
1.140575e-01
1.155497e-01
1.170523e-01
1.185439e-01
1.200352e-01
1.215262e-01
1.230169e-01
1.244966e-01
1.259867e-01
1.274765e-01
1.289553e-01
1.304445e-01
1.319227e-01
1.334006e-01
1.348782e-01
1.363555e-01
1.378325e-01
1.393092e-01
1.407857e-01
1.422511e-01
1.437269e-01
1.451918e-01
1.466670e-01
1.481313e-01
1.495952e-01
1.510589e-01
1.525223e-01
1.539853e-01
1.554481e-01
1.569106e-01
1.583621e-01
1.598240e-01
1.612750e-01
1.627363e-01
1.641866e-01
1.656367e-01
1.670865e-01
1.685359e-01
1.699851e-01
1.714340e-01
1.728826e-01
1.743202e-01
1.757683e-01
1.772053e-01
1.786421e-01
1.800893e-01
1.815254e-01
1.829613e-01
1.843970e-01
1.858323e-01
1.872567e-01
1.886914e-01
1.901259e-01
1.915494e-01
1.929726e-01
1.944062e-01
1.958289e-01
1.972512e-01
1.986733e-01
2.000951e-01
2.015166e-01
2.029272e-01
2.043481e-01
2.057688e-01
2.071785e-01
2.085880e-01
2.100078e-01
2.114166e-01
2.128252e-01
2.142335e-01
2.156416e-01
2.170386e-01
2.184461e-01
2.198533e-01
2.212495e-01
2.226561e-01
2.240518e-01
2.254472e-01
2.268423e-01
2.282372e-01
2.296318e-01
2.310260e-01
2.324201e-01
2.338031e-01
2.351966e-01
2.365791e-01
2.379720e-01
2.393540e-01
2.407357e-01
2.421171e-01
2.434983e-01
2.448791e-01
2.462597e-01
2.476400e-01
2.490094e-01
2.503892e-01
2.517581e-01
2.531373e-01
2.545056e-01
2.558736e-01
2.572414e-01
2.586089e-01
2.599761e-01
2.613430e-01
2.626991e-01
2.640654e-01
2.654209e-01
2.667868e-01
2.681417e-01
2.694964e-01
2.708508e-01
2.722050e-01
2.735588e-01
2.749124e-01
2.762658e-01
2.776188e-01
2.789610e-01
2.803029e-01
2.816551e-01
2.829965e-01
2.843376e-01
2.856784e-01
2.870190e-01
2.883593e-01
2.896993e-01
2.910390e-01
2.923679e-01
2.937071e-01
2.950355e-01
2.963635e-01
2.977020e-01
2.990295e-01
3.003568e-01
3.016838e-01
3.030106e-01
3.043264e-01
3.056527e-01
3.069786e-01
3.082937e-01
3.096085e-01
3.109337e-01
3.122480e-01
3.135620e-01
3.148758e-01
3.161893e-01
3.175026e-01
3.188050e-01
3.201177e-01
3.214196e-01
3.227318e-01
3.240332e-01
3.253343e-01
3.266351e-01
3.279463e-01
3.292360e-01
3.305360e-01
3.318358e-01
3.331354e-01
3.344241e-01
3.357231e-01
3.370113e-01
3.382992e-01
3.395974e-01
3.408849e-01
3.421720e-01
3.434589e-01
3.447350e-01
3.460213e-01
3.473075e-01
3.485828e-01
3.498684e-01
3.511432e-01
3.524177e-01
3.536920e-01
3.549660e-01
3.562397e-01
3.575133e-01
3.587865e-01
3.600595e-01
3.613217e-01
3.625942e-01
3.638559e-01
3.651173e-01
3.663890e-01
3.676500e-01
3.689106e-01
3.701711e-01
3.714207e-01
3.726806e-01
3.739403e-01
3.751891e-01
3.764483e-01
3.776967e-01
3.789448e-01
3.801926e-01
3.814403e-01
3.826876e-01
3.839347e-01
3.851816e-01
3.864282e-01
3.876641e-01
3.889102e-01
3.901455e-01
3.913806e-01
3.926260e-01
3.938606e-01
3.950949e-01
3.963290e-01
3.975523e-01
3.987859e-01
4.000193e-01
4.012419e-01
4.024747e-01
4.036968e-01
4.049187e-01
4.061403e-01
4.073616e-01
4.085828e-01
4.098036e-01
4.110243e-01
4.122446e-01
4.134543e-01
4.146742e-01
4.158833e-01
4.170922e-01
4.183113e-01
4.195197e-01
4.207279e-01
4.219358e-01
4.231330e-01
4.243405e-01
4.255477e-01
4.267441e-01
4.279508e-01
4.291468e-01
4.303425e-01
4.315380e-01
4.327333e-01
4.339283e-01
4.351231e-01
4.363176e-01
4.375119e-01
4.386954e-01
4.398893e-01
4.410723e-01
4.422552e-01
4.434378e-01
4.446307e-01
4.458128e-01
4.469842e-01
4.481659e-01
4.493473e-01
4.505285e-01
4.516990e-01
4.528692e-01
4.540497e-01
4.552194e-01
4.563890e-01
4.575583e-01
4.587273e-01
4.598961e-01
4.610647e-01
4.622226e-01
4.633907e-01
4.645481e-01
4.657158e-01
4.668727e-01
4.680295e-01
4.691860e-01
4.703422e-01
4.714982e-01
4.726540e-01
4.738096e-01
4.749544e-01
4.761095e-01
4.772539e-01
4.783981e-01
4.795525e-01
4.806962e-01
4.818397e-01
4.829830e-01
4.841155e-01
4.852583e-01
4.864009e-01
4.875328e-01
4.886749e-01
4.898063e-01
4.909375e-01
4.920789e-01
4.932097e-01
4.943402e-01
4.954600e-01
4.965901e-01
4.977199e-01
4.988391e-01
4.999685e-01
5.010872e-01
5.022161e-01
5.033344e-01
5.044525e-01
5.055703e-01
5.066879e-01
5.078052e-01
5.089119e-01
5.100289e-01
5.111351e-01
5.122516e-01
5.133574e-01
5.144630e-01
5.155788e-01
5.166840e-01
5.177889e-01
5.188832e-01
5.199877e-01
5.210920e-01
5.221856e-01
5.232894e-01
5.243826e-01
5.254755e-01
5.265787e-01
5.276712e-01
5.287635e-01
5.298556e-01
5.309371e-01
5.320287e-01
5.331201e-01
5.342009e-01
5.352919e-01
5.363723e-01
5.374524e-01
5.385323e-01
5.396120e-01
5.406915e-01
5.417708e-01
5.428499e-01
5.439183e-01
5.449969e-01
5.460649e-01
5.471431e-01
5.482107e-01
5.492781e-01
5.503452e-01
5.514121e-01
5.524789e-01
5.535454e-01
5.546012e-01
5.556673e-01
5.567228e-01
5.577884e-01
5.588435e-01
5.598983e-01
5.609529e-01
5.620073e-01
5.630615e-01
5.641155e-01
5.651693e-01
5.662125e-01
5.672658e-01
5.683086e-01
5.693511e-01
5.704038e-01
5.714460e-01
5.724879e-01
5.735296e-01
5.745607e-01
5.756020e-01
5.766431e-01
5.776736e-01
5.787142e-01
5.797443e-01
5.807742e-01
5.818039e-01
5.828437e-01
5.838626e-01
5.848916e-01
5.859205e-01
5.869491e-01
5.879672e-01
5.889954e-01
5.900130e-01
5.910305e-01
5.920581e-01
5.930751e-01
5.940920e-01
5.951086e-01
5.961147e-01
5.971309e-01
5.981469e-01
5.991524e-01
6.001680e-01
6.011730e-01
6.021779e-01
6.031825e-01
6.041870e-01
6.051912e-01
6.061953e-01
6.071991e-01
6.081924e-01
6.091958e-01
6.101887e-01
6.111918e-01
6.121842e-01
6.131765e-01
6.141686e-01
6.151605e-01
6.161522e-01
6.171334e-01
6.181247e-01
6.191158e-01
6.200963e-01
6.210767e-01
6.220672e-01
6.230472e-01
6.240270e-01
6.250065e-01
6.259859e-01
6.269651e-01
6.279338e-01
6.289126e-01
6.298808e-01
6.308592e-01
6.318271e-01
6.327948e-01
6.337623e-01
6.347296e-01
6.356967e-01
6.366636e-01
6.376303e-01
6.385865e-01
6.395528e-01
6.405086e-01
6.414746e-01
6.424300e-01
6.433852e-01
6.443403e-01
6.452951e-01
6.462498e-01
6.471939e-01
6.481482e-01
6.491023e-01
6.500459e-01
6.509893e-01
6.519428e-01
6.528858e-01
6.538287e-01
6.547713e-01
6.557138e-01
6.566457e-01
6.575878e-01
6.585297e-01
6.594611e-01
6.603923e-01
6.613336e-01
6.622644e-01
6.631951e-01
6.641255e-01
6.650558e-01
6.659859e-01
6.669055e-01
6.678352e-01
6.687544e-01
6.696838e-01
6.706026e-01
6.715213e-01
6.724398e-01
6.733581e-01
6.742763e-01
6.751942e-01
6.761120e-01
6.770193e-01
6.779367e-01
6.788436e-01
6.797503e-01
6.806672e-01
6.815736e-01
6.824798e-01
6.833858e-01
6.842916e-01
6.851870e-01
6.860925e-01
6.869875e-01
6.878926e-01
6.887872e-01
6.896817e-01
6.905863e-01
6.914804e-01
6.923744e-01
6.932578e-01
6.941514e-01
6.950448e-01
6.959278e-01
6.968208e-01
6.977034e-01
6.985859e-01
6.994784e-01
7.003604e-01
7.012423e-01
7.021138e-01
7.029953e-01
7.038767e-01
7.047476e-01
7.056287e-01
7.064992e-01
7.073799e-01
7.082501e-01
7.091202e-01
7.099901e-01
7.108598e-01
7.117191e-01
7.125884e-01
7.134576e-01
7.143164e-01
7.151852e-01
7.160436e-01
7.169019e-01
7.177600e-01
7.186179e-01
7.194756e-01
7.203332e-01
7.211906e-01
7.220375e-01
7.228946e-01
7.237412e-01
7.245877e-01
7.254442e-01
7.262904e-01
7.271363e-01
7.279821e-01
7.288175e-01
7.296630e-01
7.305082e-01
7.313431e-01
7.321881e-01
7.330226e-01
7.338570e-01
7.346912e-01
7.355253e-01
7.363592e-01
7.371929e-01
7.380264e-01
7.388496e-01
7.396828e-01
7.405056e-01
7.413385e-01
7.421610e-01
7.429833e-01
7.438055e-01
7.446275e-01
7.454494e-01
7.462710e-01
7.470823e-01
7.479037e-01
7.487147e-01
7.495357e-01
7.503463e-01
7.511568e-01
7.519671e-01
7.527773e-01
7.535873e-01
7.543971e-01
7.551966e-01
7.560061e-01
7.568053e-01
7.576145e-01
7.584133e-01
7.592120e-01
7.600105e-01
7.608088e-01
7.616070e-01
7.624050e-01
7.632029e-01
7.639904e-01
7.647880e-01
7.655752e-01
7.663622e-01
7.671593e-01
7.679460e-01
7.687326e-01
7.695088e-01
7.702951e-01
7.710812e-01
7.718671e-01
7.726427e-01
7.734182e-01
7.742037e-01
7.749788e-01
7.757538e-01
7.765286e-01
7.773033e-01
7.780778e-01
7.788420e-01
7.796162e-01
7.803801e-01
7.811540e-01
7.819175e-01
7.826810e-01
7.834442e-01
7.842073e-01
7.849703e-01
7.857331e-01
7.864958e-01
7.872481e-01
7.880105e-01
7.887625e-01
7.895246e-01
7.902763e-01
7.910279e-01
7.917793e-01
7.925306e-01
7.932817e-01
7.940226e-01
7.947734e-01
7.955241e-01
7.962645e-01
7.970047e-01
7.977448e-01
7.984949e-01
7.992346e-01
7.999743e-01
8.007036e-01
8.014430e-01
8.021822e-01
8.029111e-01
8.036500e-01
8.043786e-01
8.051070e-01
8.058354e-01
8.065635e-01
8.072916e-01
8.080194e-01
8.087472e-01
8.094646e-01
8.101921e-01
8.109093e-01
8.116364e-01
8.123533e-01
8.130700e-01
8.137866e-01
8.145031e-01
8.152194e-01
8.159355e-01
8.166414e-01
8.173573e-01
8.180629e-01
8.187684e-01
8.194838e-01
8.201890e-01
8.208940e-01
8.215989e-01
8.223037e-01
8.229982e-01
8.237027e-01
8.244070e-01
8.251011e-01
8.257950e-01
8.264989e-01
8.271926e-01
8.278861e-01
8.285795e-01
8.292627e-01
8.299558e-01
8.306487e-01
8.313315e-01
8.320242e-01
8.327066e-01
8.333889e-01
8.340812e-01
8.347632e-01
8.354451e-01
8.361168e-01
8.367984e-01
8.374799e-01
8.381512e-01
8.388324e-01
8.395034e-01
8.401743e-01
8.408450e-01
8.415257e-01
8.421860e-01
8.428563e-01
8.435265e-01
8.441966e-01
8.448564e-01
8.455262e-01
8.461858e-01
8.468452e-01
8.475045e-01
8.481233e-01
8.487823e-01
8.494413e-01
8.501000e-01
8.507587e-01
8.514172e-01
8.520756e-01
8.527338e-01
8.533919e-01
8.540499e-01
8.547078e-01
8.553655e-01
8.560231e-01
8.566806e-01
8.572372e-01
8.578944e-01
8.585515e-01
8.592084e-01
8.598652e-01
8.605219e-01
8.610778e-01
8.617342e-01
8.623905e-01
8.630467e-01
8.637027e-01
8.642580e-01
8.649138e-01
8.655695e-01
8.661244e-01
8.667798e-01
8.674351e-01
8.680902e-01
8.686447e-01
8.692996e-01
8.699543e-01
8.705084e-01
8.711629e-01
8.718173e-01
8.723711e-01
8.730252e-01
8.735787e-01
8.742326e-01
8.748863e-01
8.754395e-01
8.760930e-01
8.766459e-01
8.772992e-01
8.778519e-01
8.785049e-01
8.790574e-01
8.797101e-01
8.802623e-01
8.809148e-01
8.814668e-01
8.821191e-01
8.826709e-01
8.833229e-01
8.838744e-01
8.845261e-01
8.850775e-01
8.856287e-01
8.862800e-01
8.868310e-01
8.874821e-01
8.880329e-01
8.885835e-01
8.892343e-01
8.897847e-01
8.903350e-01
8.909854e-01
8.915354e-01
8.920854e-01
8.926352e-01
8.932851e-01
8.938347e-01
8.943842e-01
8.949336e-01
8.955830e-01
8.961322e-01
8.966813e-01
8.972302e-01
8.977790e-01
8.984278e-01
8.989764e-01
8.995249e-01
9.000733e-01
9.006216e-01
9.011698e-01
9.018178e-01
9.023658e-01
9.029136e-01
9.034613e-01
9.040089e-01
9.045564e-01
9.051038e-01
9.056511e-01
9.061983e-01
9.067453e-01
9.072923e-01
9.078391e-01
9.083858e-01
9.089325e-01
9.094790e-01
9.100254e-01
9.105717e-01
9.111179e-01
9.116639e-01
9.122099e-01
9.127558e-01
9.133015e-01
9.138472e-01
9.143927e-01
9.148383e-01
9.153837e-01
9.159289e-01
9.164740e-01
9.170190e-01
9.175639e-01
9.180089e-01
9.185536e-01
9.190982e-01
9.196426e-01
9.201870e-01
9.206315e-01
9.211757e-01
9.217197e-01
9.222636e-01
9.227078e-01
9.232515e-01
9.237951e-01
9.242390e-01
9.247824e-01
9.253257e-01
9.257693e-01
9.263124e-01
9.268554e-01
9.272987e-01
9.278415e-01
9.283841e-01
9.288272e-01
9.293696e-01
9.298125e-01
9.303547e-01
9.308969e-01
9.313394e-01
9.318814e-01
9.323237e-01
9.328654e-01
9.333076e-01
9.338491e-01
9.342911e-01
9.348325e-01
9.352743e-01
9.358154e-01
9.362570e-01
9.367979e-01
9.372393e-01
9.376807e-01
9.382213e-01
9.386624e-01
9.392028e-01
9.396438e-01
9.400846e-01
9.406247e-01
9.410654e-01
9.415060e-01
9.420458e-01
9.424862e-01
9.429266e-01
9.434661e-01
9.439062e-01
9.443462e-01
9.448854e-01
9.453253e-01
9.457651e-01
9.462048e-01
9.466444e-01
9.471831e-01
9.476225e-01
9.480618e-01
9.485010e-01
9.489402e-01
9.494784e-01
9.499173e-01
9.503562e-01
9.507950e-01
9.512337e-01
9.516723e-01
9.521109e-01
9.526484e-01
9.530867e-01
9.535250e-01
9.539631e-01
9.544012e-01
9.548392e-01
9.552771e-01
9.557149e-01
9.561526e-01
9.565903e-01
9.570278e-01
9.574653e-01
9.579027e-01
9.583400e-01
9.587772e-01
9.592143e-01
9.596513e-01
9.600883e-01
9.605251e-01
9.608630e-01
9.612997e-01
9.617363e-01
9.621728e-01
9.626092e-01
9.630456e-01
9.634818e-01
9.638192e-01
9.642553e-01
9.646913e-01
9.651272e-01
9.655630e-01
9.659000e-01
9.663356e-01
9.667712e-01
9.672067e-01
9.675434e-01
9.679787e-01
9.684139e-01
9.688491e-01
9.691855e-01
9.696204e-01
9.700553e-01
9.703915e-01
9.708262e-01
9.712609e-01
9.715968e-01
9.720313e-01
9.724657e-01
9.728014e-01
9.732356e-01
9.735712e-01
9.740053e-01
9.743407e-01
9.747746e-01
9.752084e-01
9.755436e-01
9.759773e-01
9.763123e-01
9.767458e-01
9.770807e-01
9.775141e-01
9.778488e-01
9.782820e-01
9.786166e-01
9.789512e-01
9.793841e-01
9.797185e-01
9.801513e-01
9.804855e-01
9.809181e-01
9.812522e-01
9.815863e-01
9.820187e-01
9.823526e-01
9.826864e-01
9.831185e-01
9.834522e-01
9.837859e-01
9.842178e-01
9.845512e-01
9.848847e-01
9.852180e-01
9.856496e-01
9.859828e-01
9.863160e-01
9.866490e-01
9.870803e-01
9.874132e-01
9.877461e-01
9.880789e-01
9.884116e-01
9.888425e-01
9.891751e-01
9.895076e-01
9.898401e-01
9.901725e-01
9.905048e-01
9.908370e-01
9.911692e-01
9.915014e-01
9.919315e-01
9.922635e-01
9.925954e-01
9.929273e-01
9.932591e-01
9.935908e-01
9.939224e-01
9.942540e-01
9.945856e-01
9.949170e-01
9.952484e-01
9.955797e-01
9.959110e-01
9.962422e-01
9.964753e-01
9.968064e-01
9.971374e-01
9.974683e-01
9.977992e-01
9.981300e-01
9.984607e-01
9.987914e-01
9.991220e-01
9.993546e-01
9.996851e-01
1.000015e+00
1.000346e+00
1.000676e+00
1.000908e+00
1.001239e+00
1.001569e+00
1.001899e+00
1.002131e+00
1.002461e+00
1.002791e+00
1.003120e+00
1.003352e+00
1.003682e+00
1.004012e+00
1.004243e+00
1.004573e+00
1.004902e+00
1.005134e+00
1.005463e+00
1.005792e+00
1.006024e+00
1.006353e+00
1.006584e+00
1.006913e+00
1.007144e+00
1.007473e+00
1.007802e+00
1.008033e+00
1.008362e+00
1.008593e+00
1.008921e+00
1.009152e+00
1.009481e+00
1.009711e+00
1.010040e+00
1.010270e+00
1.010501e+00
1.010829e+00
1.011060e+00
1.011388e+00
1.011618e+00
1.011849e+00
1.012176e+00
1.012407e+00
1.012734e+00
1.012965e+00
1.013195e+00
1.013522e+00
1.013752e+00
1.013982e+00
1.014310e+00
1.014539e+00
1.014769e+00
1.014999e+00
1.015326e+00
1.015556e+00
1.015786e+00
1.016015e+00
1.016342e+00
1.016572e+00
1.016801e+00
1.017030e+00
1.017260e+00
1.017489e+00
1.017816e+00
1.018045e+00
1.018274e+00
1.018503e+00
1.018732e+00
1.018961e+00
1.019190e+00
1.019419e+00
1.019648e+00
1.019974e+00
1.020203e+00
1.020432e+00
1.020660e+00
1.020889e+00
1.021118e+00
1.021346e+00
1.021575e+00
1.021803e+00
1.022032e+00
1.022260e+00
1.022391e+00
1.022620e+00
1.022848e+00
1.023076e+00
1.023304e+00
1.023532e+00
1.023760e+00
1.023988e+00
1.024216e+00
1.024347e+00
1.024575e+00
1.024803e+00
1.025031e+00
1.025259e+00
1.025486e+00
1.025617e+00
1.025845e+00
1.026072e+00
1.026300e+00
1.026430e+00
1.026658e+00
1.026885e+00
1.027113e+00
1.027243e+00
1.027470e+00
1.027698e+00
1.027828e+00
1.028055e+00
1.028282e+00
1.028413e+00
1.028640e+00
1.028867e+00
1.028997e+00
1.029224e+00
1.029354e+00
1.029581e+00
1.029807e+00
1.029937e+00
1.030164e+00
1.030294e+00
1.030521e+00
1.030651e+00
1.030877e+00
1.031007e+00
1.031234e+00
1.031363e+00
1.031590e+00
1.031719e+00
1.031946e+00
1.032075e+00
1.032205e+00
1.032431e+00
1.032561e+00
1.032787e+00
1.032916e+00
1.033046e+00
1.033272e+00
1.033401e+00
1.033530e+00
1.033756e+00
1.033886e+00
1.034015e+00
1.034241e+00
1.034370e+00
1.034499e+00
1.034628e+00
1.034854e+00
1.034983e+00
1.035112e+00
1.035241e+00
1.035467e+00
1.035596e+00
1.035725e+00
1.035854e+00
1.035983e+00
1.036208e+00
1.036337e+00
1.036466e+00
1.036594e+00
1.036723e+00
1.036852e+00
1.036981e+00
1.037109e+00
1.037238e+00
1.037463e+00
1.037592e+00
1.037720e+00
1.037849e+00
1.037977e+00
1.038106e+00
1.038234e+00
1.038363e+00
1.038491e+00
1.038620e+00
1.038748e+00
1.038876e+00
1.038909e+00
1.039037e+00
1.039165e+00
1.039293e+00
1.039422e+00
1.039550e+00
1.039678e+00
1.039806e+00
1.039934e+00
1.039967e+00
1.040095e+00
1.040223e+00
1.040351e+00
1.040479e+00
1.040607e+00
1.040639e+00
1.040767e+00
1.040895e+00
1.041023e+00
1.041054e+00
1.041182e+00
1.041310e+00
1.041438e+00
1.041470e+00
1.041598e+00
1.041725e+00
1.041757e+00
1.041885e+00
1.042013e+00
1.042044e+00
1.042172e+00
1.042204e+00
1.042331e+00
1.042459e+00
1.042491e+00
1.042618e+00
1.042650e+00
1.042777e+00
1.042809e+00
1.042936e+00
1.042968e+00
1.043095e+00
1.043127e+00
1.043254e+00
1.043286e+00
1.043413e+00
1.043445e+00
1.043572e+00
1.043604e+00
1.043731e+00
1.043762e+00
1.043794e+00
1.043921e+00
1.043953e+00
1.044080e+00
1.044111e+00
1.044143e+00
1.044270e+00
1.044301e+00
1.044333e+00
1.044460e+00
1.044491e+00
1.044523e+00
1.044650e+00
1.044681e+00
1.044712e+00
1.044744e+00
1.044871e+00
1.044902e+00
1.044933e+00
1.044965e+00
1.044996e+00
1.045123e+00
1.045154e+00
1.045185e+00
1.045217e+00
1.045248e+00
1.045279e+00
1.045311e+00
1.045342e+00
1.045469e+00
1.045500e+00
1.045531e+00
1.045562e+00
1.045594e+00
1.045625e+00
1.045656e+00
1.045687e+00
1.045718e+00
1.045750e+00
1.045781e+00
1.045812e+00
1.045843e+00
1.045874e+00
1.045906e+00
1.045937e+00
1.045968e+00
1.045999e+00
1.046030e+00
1.045966e+00
1.045997e+00
1.046028e+00
1.046060e+00
1.046091e+00
1.046122e+00
1.046153e+00
1.046089e+00
1.046120e+00
1.046151e+00
1.046182e+00
1.046213e+00
1.046149e+00
1.046180e+00
1.046211e+00
1.046242e+00
1.046178e+00
1.046210e+00
1.046241e+00
1.046177e+00
1.046208e+00
1.046239e+00
1.046175e+00
1.046206e+00
1.046237e+00
1.046173e+00
1.046204e+00
1.046235e+00
1.046171e+00
1.046202e+00
1.046138e+00
1.046169e+00
1.046105e+00
1.046136e+00
1.046167e+00
1.046104e+00
1.046135e+00
1.046071e+00
1.046102e+00
1.046038e+00
1.045974e+00
1.046005e+00
1.045941e+00
1.045972e+00
1.045909e+00
1.045940e+00
1.045876e+00
1.045812e+00
1.045843e+00
1.045779e+00
1.045810e+00
1.045747e+00
1.045683e+00
1.045714e+00
1.045650e+00
1.045586e+00
1.045617e+00
1.045554e+00
1.045490e+00
1.045426e+00
1.045457e+00
1.045394e+00
1.045330e+00
1.045267e+00
1.045298e+00
1.045234e+00
1.045170e+00
1.045107e+00
1.045043e+00
1.044980e+00
1.045011e+00
1.044947e+00
1.044884e+00
1.044820e+00
1.044757e+00
1.044693e+00
1.044630e+00
1.044566e+00
1.044503e+00
1.044439e+00
1.044470e+00
1.044407e+00
1.044344e+00
1.044280e+00
1.044217e+00
1.044154e+00
1.044090e+00
1.044027e+00
1.043869e+00
1.043806e+00
1.043743e+00
1.043679e+00
1.043616e+00
1.043553e+00
1.043490e+00
1.043426e+00
1.043363e+00
1.043300e+00
1.043142e+00
1.043079e+00
1.043016e+00
1.042953e+00
1.042890e+00
1.042827e+00
1.042669e+00
1.042606e+00
1.042543e+00
1.042480e+00
1.042323e+00
1.042260e+00
1.042197e+00
1.042134e+00
1.041977e+00
1.041914e+00
1.041851e+00
1.041694e+00
1.041631e+00
1.041568e+00
1.041411e+00
1.041348e+00
1.041191e+00
1.041128e+00
1.041065e+00
1.040909e+00
1.040846e+00
1.040689e+00
1.040626e+00
1.040470e+00
1.040407e+00
1.040344e+00
1.040187e+00
1.040125e+00
1.039968e+00
1.039812e+00
1.039749e+00
1.039592e+00
1.039530e+00
1.039373e+00
1.039311e+00
1.039154e+00
1.038998e+00
1.038935e+00
1.038779e+00
1.038717e+00
1.038560e+00
1.038404e+00
1.038342e+00
1.038185e+00
1.038029e+00
1.037967e+00
1.037811e+00
1.037655e+00
1.037499e+00
1.037436e+00
1.037280e+00
1.037124e+00
1.036968e+00
1.036906e+00
1.036750e+00
1.036594e+00
1.036439e+00
1.036283e+00
1.036221e+00
1.036065e+00
1.035909e+00
1.035753e+00
1.035598e+00
1.035442e+00
1.035287e+00
1.035131e+00
1.034976e+00
1.034914e+00
1.034758e+00
1.034603e+00
1.034447e+00
1.034292e+00
1.034136e+00
1.033981e+00
1.033826e+00
1.033671e+00
1.033515e+00
1.033360e+00
1.033205e+00
1.032956e+00
1.032801e+00
1.032646e+00
1.032491e+00
1.032336e+00
1.032181e+00
1.032026e+00
1.031871e+00
1.031716e+00
1.031468e+00
1.031313e+00
1.031159e+00
1.031004e+00
1.030849e+00
1.030601e+00
1.030446e+00
1.030292e+00
1.030137e+00
1.029889e+00
1.029735e+00
1.029580e+00
1.029426e+00
1.029178e+00
1.029024e+00
1.028869e+00
1.028622e+00
1.028468e+00
1.028313e+00
1.028066e+00
1.027912e+00
1.027664e+00
1.027510e+00
1.027356e+00
1.027109e+00
1.026955e+00
1.026708e+00
1.026554e+00
1.026307e+00
1.026153e+00
1.025999e+00
1.025752e+00
1.025505e+00
1.025352e+00
1.025105e+00
1.024951e+00
1.024704e+00
1.024551e+00
1.024304e+00
1.024151e+00
1.023904e+00
1.023658e+00
1.023504e+00
1.023258e+00
1.023105e+00
1.022858e+00
1.022612e+00
1.022459e+00
1.022213e+00
1.021967e+00
1.021721e+00
1.021568e+00
1.021322e+00
1.021076e+00
1.020923e+00
1.020677e+00
1.020431e+00
1.020186e+00
1.019940e+00
1.019787e+00
1.019542e+00
1.019296e+00
1.019051e+00
1.018805e+00
1.018560e+00
1.018407e+00
1.018162e+00
1.017917e+00
1.017671e+00
1.017426e+00
1.017181e+00
1.016936e+00
1.016691e+00
1.016446e+00
1.016201e+00
1.015956e+00
1.015712e+00
1.015467e+00
1.015222e+00
1.014978e+00
1.014733e+00
1.014488e+00
1.014244e+00
1.013999e+00
1.013755e+00
1.013511e+00
1.013266e+00
1.013022e+00
1.012778e+00
1.012534e+00
1.012197e+00
1.011953e+00
1.011709e+00
1.011465e+00
1.011221e+00
1.010977e+00
1.010641e+00
1.010397e+00
1.010153e+00
1.009910e+00
1.009574e+00
1.009330e+00
1.009087e+00
1.008843e+00
1.008507e+00
1.008264e+00
1.008021e+00
1.007685e+00
1.007442e+00
1.007199e+00
1.006863e+00
1.006620e+00
1.006377e+00
1.006042e+00
1.005799e+00
1.005464e+00
1.005221e+00
1.004978e+00
1.004643e+00
1.004401e+00
1.004066e+00
1.003823e+00
1.003489e+00
1.003246e+00
1.002912e+00
1.002669e+00
1.002335e+00
1.002093e+00
1.001758e+00
1.001424e+00
1.001182e+00
1.000848e+00
1.000606e+00
1.000272e+00
9.999381e-01
9.996963e-01
9.993625e-01
9.991208e-01
9.987871e-01
9.984535e-01
9.981199e-01
9.978785e-01
9.975450e-01
9.972116e-01
9.969703e-01
9.966371e-01
9.963039e-01
9.959708e-01
9.957297e-01
9.953967e-01
9.950638e-01
9.947309e-01
9.943981e-01
9.941573e-01
9.938246e-01
9.934920e-01
9.931595e-01
9.928270e-01
9.924946e-01
9.921623e-01
9.918300e-01
9.915896e-01
9.912575e-01
9.909254e-01
9.905934e-01
9.902614e-01
9.899295e-01
9.895977e-01
9.892659e-01
9.889343e-01
9.886026e-01
9.882711e-01
9.879396e-01
9.876082e-01
9.872768e-01
9.869455e-01
9.865226e-01
9.861914e-01
9.858603e-01
9.855293e-01
9.851983e-01
9.848675e-01
9.845366e-01
9.842059e-01
9.837835e-01
9.834529e-01
9.831224e-01
9.827919e-01
9.824615e-01
9.820395e-01
9.817093e-01
9.813791e-01
9.810489e-01
9.806273e-01
9.802973e-01
9.799673e-01
9.795459e-01
9.792161e-01
9.788864e-01
9.785567e-01
9.781356e-01
9.778061e-01
9.773852e-01
9.770558e-01
9.767265e-01
9.763058e-01
9.759766e-01
9.755561e-01
9.752270e-01
9.748981e-01
9.744777e-01
9.741489e-01
9.737288e-01
9.734001e-01
9.729801e-01
9.726515e-01
9.722317e-01
9.719033e-01
9.714836e-01
9.710640e-01
9.707358e-01
9.703164e-01
9.699883e-01
9.695691e-01
9.692412e-01
9.688220e-01
9.684030e-01
9.680753e-01
9.676564e-01
9.672377e-01
9.669102e-01
9.664915e-01
9.660730e-01
9.657457e-01
9.653273e-01
9.649090e-01
9.644908e-01
9.641638e-01
9.637458e-01
9.633278e-01
9.629099e-01
9.624921e-01
9.621655e-01
9.617478e-01
9.613302e-01
9.609128e-01
9.604954e-01
9.600780e-01
9.597519e-01
9.593347e-01
9.589176e-01
9.585006e-01
9.580837e-01
9.576669e-01
9.572501e-01
9.568335e-01
9.564169e-01
9.560004e-01
9.555840e-01
9.551677e-01
9.547514e-01
9.543353e-01
9.539192e-01
9.535032e-01
9.530873e-01
9.526715e-01
9.522557e-01
9.518401e-01
9.514245e-01
9.510090e-01
9.505027e-01
9.500874e-01
9.496722e-01
9.492570e-01
9.488419e-01
9.484270e-01
9.479213e-01
9.475065e-01
9.470917e-01
9.466771e-01
9.462625e-01
9.457573e-01
9.453429e-01
9.449286e-01
9.445144e-01
9.440095e-01
9.435955e-01
9.431815e-01
9.426770e-01
9.422632e-01
9.418495e-01
9.413452e-01
9.409316e-01
9.405182e-01
9.400142e-01
9.396009e-01
9.390971e-01
9.386840e-01
9.381804e-01
9.377675e-01
9.373546e-01
9.368513e-01
9.364387e-01
9.359355e-01
9.355230e-01
9.350201e-01
9.346078e-01
9.341050e-01
9.336929e-01
9.331903e-01
9.326879e-01
9.322760e-01
9.317737e-01
9.313620e-01
9.308600e-01
9.303580e-01
9.299466e-01
9.294448e-01
9.289431e-01
9.285319e-01
9.280305e-01
9.275291e-01
9.271182e-01
9.266170e-01
9.261159e-01
9.257052e-01
9.252043e-01
9.247035e-01
9.242029e-01
9.237023e-01
9.232921e-01
9.227917e-01
9.222914e-01
9.217912e-01
9.212911e-01
9.208813e-01
9.203814e-01
9.198816e-01
9.193819e-01
9.188823e-01
9.183827e-01
9.178833e-01
9.173840e-01
9.168848e-01
9.163857e-01
9.158867e-01
9.154779e-01
9.149791e-01
9.144804e-01
9.139818e-01
9.134832e-01
9.129848e-01
9.123964e-01
9.118982e-01
9.114001e-01
9.109021e-01
9.104042e-01
9.099064e-01
9.094087e-01
9.089111e-01
9.084135e-01
9.079161e-01
9.073288e-01
9.068316e-01
9.063345e-01
9.058375e-01
9.053406e-01
9.048438e-01
9.042572e-01
9.037606e-01
9.032641e-01
9.027677e-01
9.021815e-01
9.016853e-01
9.011892e-01
9.006932e-01
9.001075e-01
8.996117e-01
8.991160e-01
8.985306e-01
8.980351e-01
8.975397e-01
8.969546e-01
8.964594e-01
8.958746e-01
8.953796e-01
8.948848e-01
8.943002e-01
8.938056e-01
8.932213e-01
8.927268e-01
8.921428e-01
8.916485e-01
8.910647e-01
8.905706e-01
8.899870e-01
8.894932e-01
8.889098e-01
8.884162e-01
8.878330e-01
8.873396e-01
8.867566e-01
8.861738e-01
8.856807e-01
8.850981e-01
8.845156e-01
8.840228e-01
8.834406e-01
8.828584e-01
8.823659e-01
8.817840e-01
8.812022e-01
8.807100e-01
8.801285e-01
8.795470e-01
8.790551e-01
8.784739e-01
8.778928e-01
8.773118e-01
8.767309e-01
8.762396e-01
8.756589e-01
8.750784e-01
8.744979e-01
8.739176e-01
8.733374e-01
8.728467e-01
8.722668e-01
8.716869e-01
8.711072e-01
8.705275e-01
8.699480e-01
8.693686e-01
8.687894e-01
8.682102e-01
8.676312e-01
8.670522e-01
8.664734e-01
8.658947e-01
8.653161e-01
8.647377e-01
8.641593e-01
8.635811e-01
8.630030e-01
8.624250e-01
8.618471e-01
8.612693e-01
8.606917e-01
8.601141e-01
8.594475e-01
8.588702e-01
8.582931e-01
8.577160e-01
8.571390e-01
8.565622e-01
8.558964e-01
8.553198e-01
8.547433e-01
8.541669e-01
8.535907e-01
8.529255e-01
8.523495e-01
8.517736e-01
8.511088e-01
8.505331e-01
8.499575e-01
8.493821e-01
8.487178e-01
8.481426e-01
8.475675e-01
8.469036e-01
8.463288e-01
8.456651e-01
8.450905e-01
8.445160e-01
8.438528e-01
8.432785e-01
8.426155e-01
8.420415e-01
8.413787e-01
8.408049e-01
8.401424e-01
8.395689e-01
8.389067e-01
8.383334e-01
8.376714e-01
8.370983e-01
8.364366e-01
8.358637e-01
8.352023e-01
8.345409e-01
8.339685e-01
8.333074e-01
8.327351e-01
8.320743e-01
8.314136e-01
8.308417e-01
8.301813e-01
8.295210e-01
8.289495e-01
8.282894e-01
8.276295e-01
8.269697e-01
8.263987e-01
8.257391e-01
8.250797e-01
8.244204e-01
8.238499e-01
8.231909e-01
8.225320e-01
8.218732e-01
8.212146e-01
8.205561e-01
8.199863e-01
8.193280e-01
8.186699e-01
8.180120e-01
8.173541e-01
8.166964e-01
8.160388e-01
8.153814e-01
8.147241e-01
8.140669e-01
8.134098e-01
8.127529e-01
8.120961e-01
8.114394e-01
8.107829e-01
8.101265e-01
8.094702e-01
8.088141e-01
8.081581e-01
8.075022e-01
8.068465e-01
8.061909e-01
8.055354e-01
8.048800e-01
8.042248e-01
8.035697e-01
8.028265e-01
8.021717e-01
8.015170e-01
8.008624e-01
8.002080e-01
7.994654e-01
7.988113e-01
7.981573e-01
7.975034e-01
7.968496e-01
7.961078e-01
7.954543e-01
7.948009e-01
7.940595e-01
7.934064e-01
7.927534e-01
7.920125e-01
7.913598e-01
7.907072e-01
7.899667e-01
7.893144e-01
7.886622e-01
7.879221e-01
7.872702e-01
7.865303e-01
7.858787e-01
7.851392e-01
7.844878e-01
7.838366e-01
7.830975e-01
7.824465e-01
7.817077e-01
7.810570e-01
7.803184e-01
7.795800e-01
7.789297e-01
7.781916e-01
7.775416e-01
7.768038e-01
7.761540e-01
7.754165e-01
7.746791e-01
7.740298e-01
7.732927e-01
7.725557e-01
7.719068e-01
7.711701e-01
7.704336e-01
7.697850e-01
7.690488e-01
7.683127e-01
7.675768e-01
7.669288e-01
7.661931e-01
7.654576e-01
7.647223e-01
7.640748e-01
7.633397e-01
7.626048e-01
7.618700e-01
7.611354e-01
7.604886e-01
7.597543e-01
7.590201e-01
7.582860e-01
7.575521e-01
7.568183e-01
7.560847e-01
7.553512e-01
7.546179e-01
7.538847e-01
7.531517e-01
7.524188e-01
7.516861e-01
7.509535e-01
7.502211e-01
7.494888e-01
7.487566e-01
7.480246e-01
7.472927e-01
7.465610e-01
7.458295e-01
7.450980e-01
7.443668e-01
7.436356e-01
7.429047e-01
7.421738e-01
7.413556e-01
7.406251e-01
7.398947e-01
7.391645e-01
7.384344e-01
7.376170e-01
7.368872e-01
7.361576e-01
7.354280e-01
7.346987e-01
7.338821e-01
7.331530e-01
7.324241e-01
7.316080e-01
7.308794e-01
7.301509e-01
7.293352e-01
7.286071e-01
7.278791e-01
7.270639e-01
7.263361e-01
7.256086e-01
7.247939e-01
7.240666e-01
7.232522e-01
7.225252e-01
7.217111e-01
7.209845e-01
7.202579e-01
7.194443e-01
7.187181e-01
7.179048e-01
7.171788e-01
7.163659e-01
7.155531e-01
7.148276e-01
7.140151e-01
7.132899e-01
7.124777e-01
7.117528e-01
7.109410e-01
7.101293e-01
7.094049e-01
7.085935e-01
7.077823e-01
7.070583e-01
7.062474e-01
7.054367e-01
7.047131e-01
7.039027e-01
7.030924e-01
7.022823e-01
7.015594e-01
7.007496e-01
6.999400e-01
6.991306e-01
6.984082e-01
6.975991e-01
6.967901e-01
6.959813e-01
6.951726e-01
6.943641e-01
6.936427e-01
6.928345e-01
6.920265e-01
6.912187e-01
6.904110e-01
6.896034e-01
6.887961e-01
6.879889e-01
6.871818e-01
6.863749e-01
6.855682e-01
6.847617e-01
6.839553e-01
6.831490e-01
6.823429e-01
6.815370e-01
6.807313e-01
6.799257e-01
6.791202e-01
6.783150e-01
6.775099e-01
6.767049e-01
6.759001e-01
6.750088e-01
6.742043e-01
6.734000e-01
6.725959e-01
6.717919e-01
6.709881e-01
6.700978e-01
6.692943e-01
6.684910e-01
6.676878e-01
6.668848e-01
6.659954e-01
6.651927e-01
6.643902e-01
6.635013e-01
6.626991e-01
6.618971e-01
6.610087e-01
6.602070e-01
6.594055e-01
6.585176e-01
6.577164e-01
6.569153e-01
6.560280e-01
6.552273e-01
6.543402e-01
6.535399e-01
6.527396e-01
6.518531e-01
6.510532e-01
6.501671e-01
6.493675e-01
6.484817e-01
6.476824e-01
6.467970e-01
6.459981e-01
6.451130e-01
6.442280e-01
6.434296e-01
6.425450e-01
6.417469e-01
6.408627e-01
6.399786e-01
6.391810e-01
6.382973e-01
6.375000e-01
6.366166e-01
6.357334e-01
6.348504e-01
6.340538e-01
6.331711e-01
6.322886e-01
6.314925e-01
6.306104e-01
6.297284e-01
6.288466e-01
6.280511e-01
6.271697e-01
6.262884e-01
6.254073e-01
6.245263e-01
6.236456e-01
6.228511e-01
6.219707e-01
6.210905e-01
6.202104e-01
6.193306e-01
6.184509e-01
6.175713e-01
6.166920e-01
6.158128e-01
6.149338e-01
6.140550e-01
6.131763e-01
6.122979e-01
6.114196e-01
6.105414e-01
6.096635e-01
6.087857e-01
6.079081e-01
6.070307e-01
6.061535e-01
6.052764e-01
6.043995e-01
6.035228e-01
6.026463e-01
6.017699e-01
6.008078e-01
5.999318e-01
5.990560e-01
5.981803e-01
5.973049e-01
5.963437e-01
5.954686e-01
5.945936e-01
5.937189e-01
5.928443e-01
5.918841e-01
5.910098e-01
5.901358e-01
5.891761e-01
5.883024e-01
5.874289e-01
5.864698e-01
5.855966e-01
5.847236e-01
5.837651e-01
5.828924e-01
5.820200e-01
5.810620e-01
5.801899e-01
5.792323e-01
5.783605e-01
5.774033e-01
5.765319e-01
5.756607e-01
5.747040e-01
5.738332e-01
5.728769e-01
5.720064e-01
5.710505e-01
5.700948e-01
5.692248e-01
5.682694e-01
5.673998e-01
5.664449e-01
5.655756e-01
5.646210e-01
5.636666e-01
5.627979e-01
5.618438e-01
5.608900e-01
5.600218e-01
5.590683e-01
5.581151e-01
5.572474e-01
5.562945e-01
5.553418e-01
5.543893e-01
5.535224e-01
5.525702e-01
5.516183e-01
5.506665e-01
5.497149e-01
5.488489e-01
5.478977e-01
5.469467e-01
5.459959e-01
5.450452e-01
5.440948e-01
5.431445e-01
5.422798e-01
5.413299e-01
5.403802e-01
5.394307e-01
5.384814e-01
5.375323e-01
5.365833e-01
5.356346e-01
5.346861e-01
5.337377e-01
5.327895e-01
5.318416e-01
5.308938e-01
5.299462e-01
5.289988e-01
5.280515e-01
5.271045e-01
5.260725e-01
5.251259e-01
5.241794e-01
5.232332e-01
5.222871e-01
5.213412e-01
5.203955e-01
5.193650e-01
5.184196e-01
5.174745e-01
5.165296e-01
5.155848e-01
5.145553e-01
5.136109e-01
5.126667e-01
5.117228e-01
5.106940e-01
5.097504e-01
5.088070e-01
5.077788e-01
5.068358e-01
5.058930e-01
5.048654e-01
5.039230e-01
5.029807e-01
5.019537e-01
5.010119e-01
4.999853e-01
4.990438e-01
4.980177e-01
4.970766e-01
4.961356e-01
4.951101e-01
4.941696e-01
4.931444e-01
4.922043e-01
4.911795e-01
4.902397e-01
4.892154e-01
4.881913e-01
4.872521e-01
4.862283e-01
4.852895e-01
4.842662e-01
4.832431e-01
4.823048e-01
4.812821e-01
4.802596e-01
4.793219e-01
4.782998e-01
4.772779e-01
4.763408e-01
4.753193e-01
4.742980e-01
4.733615e-01
4.723406e-01
4.713199e-01
4.702994e-01
4.692791e-01
4.683435e-01
4.673236e-01
4.663039e-01
4.652844e-01
4.642652e-01
4.633306e-01
4.623117e-01
4.612930e-01
4.602745e-01
4.592563e-01
4.582382e-01
4.572203e-01
4.562026e-01
4.551852e-01
4.541679e-01
4.531509e-01
4.521340e-01
4.511174e-01
4.501009e-01
4.490847e-01
4.480686e-01
4.470528e-01
4.460372e-01
4.450217e-01
4.440065e-01
4.429915e-01
4.419767e-01
4.409621e-01
4.398633e-01
4.388491e-01
4.378351e-01
4.368213e-01
4.358077e-01
4.347943e-01
4.336969e-01
4.326839e-01
4.316711e-01
4.306586e-01
4.296462e-01
4.285498e-01
4.275379e-01
4.265261e-01
4.254304e-01
4.244190e-01
4.234079e-01
4.223128e-01
4.213021e-01
4.202915e-01
4.191971e-01
4.181870e-01
4.171770e-01
4.160832e-01
4.150737e-01
4.139804e-01
4.129713e-01
4.118783e-01
4.108696e-01
4.097771e-01
4.087689e-01
4.077608e-01
4.066689e-01
4.055772e-01
4.045698e-01
4.034786e-01
4.024715e-01
4.013807e-01
4.003741e-01
3.992837e-01
3.981936e-01
3.971876e-01
3.960978e-01
3.950922e-01
3.940029e-01
3.929139e-01
3.919089e-01
3.908202e-01
3.897318e-01
3.886436e-01
3.876394e-01
3.865516e-01
3.854641e-01
3.843767e-01
3.833734e-01
3.822864e-01
3.811997e-01
3.801132e-01
3.790270e-01
3.780247e-01
3.769388e-01
3.758532e-01
3.747678e-01
3.736826e-01
3.725976e-01
3.715128e-01
3.704283e-01
3.693440e-01
3.683435e-01
3.672596e-01
3.661759e-01
3.650925e-01
3.640092e-01
3.629262e-01
3.618434e-01
3.607608e-01
3.596784e-01
3.585126e-01
3.574307e-01
3.563489e-01
3.552674e-01
3.541861e-01
3.531051e-01
3.520242e-01
3.509435e-01
3.498631e-01
3.486994e-01
3.476194e-01
3.465396e-01
3.454601e-01
3.443807e-01
3.433016e-01
3.421392e-01
3.410605e-01
3.399821e-01
3.388204e-01
3.377423e-01
3.366645e-01
3.355869e-01
3.344261e-01
3.333490e-01
3.322720e-01
3.311119e-01
3.300354e-01
3.289591e-01
3.277997e-01
3.267238e-01
3.255649e-01
3.244895e-01
3.233310e-01
3.222560e-01
3.211812e-01
3.200234e-01
3.189491e-01
3.177917e-01
3.167178e-01
3.155609e-01
3.144874e-01
3.133310e-01
3.121747e-01
3.111019e-01
3.099462e-01
3.088738e-01
3.077185e-01
3.065634e-01
3.054917e-01
3.043371e-01
3.032658e-01
3.021116e-01
3.009577e-01
2.998871e-01
2.987336e-01
2.975803e-01
2.964273e-01
2.953576e-01
2.942050e-01
2.930527e-01
2.919005e-01
2.908317e-01
2.896800e-01
2.885286e-01
2.873774e-01
2.862264e-01
2.850757e-01
2.840081e-01
2.828579e-01
2.817078e-01
2.805580e-01
2.794084e-01
2.782590e-01
2.771099e-01
2.759610e-01
2.748123e-01
2.736638e-01
2.725156e-01
2.713676e-01
2.702199e-01
2.690724e-01
2.679251e-01
2.667780e-01
2.656311e-01
2.644845e-01
2.633381e-01
2.621920e-01
2.610461e-01
2.599004e-01
2.587549e-01
2.575269e-01
2.563819e-01
2.552371e-01
2.540926e-01
2.529483e-01
2.518042e-01
2.505776e-01
2.494340e-01
2.482906e-01
2.471475e-01
2.459219e-01
2.447792e-01
2.436367e-01
2.424945e-01
2.412698e-01
2.401280e-01
2.389865e-01
2.377626e-01
2.366215e-01
2.354806e-01
2.342574e-01
2.331170e-01
2.318943e-01
2.307544e-01
2.296147e-01
2.283927e-01
2.272534e-01
2.260319e-01
2.248931e-01
2.236721e-01
2.225338e-01
2.213132e-01
2.201754e-01
2.189553e-01
2.178179e-01
2.165983e-01
2.153790e-01
2.142423e-01
2.130234e-01
2.118872e-01
2.106688e-01
2.094506e-01
2.083151e-01
2.070974e-01
2.058800e-01
2.047452e-01
2.035282e-01
2.023115e-01
2.011774e-01
1.999611e-01
1.987452e-01
1.975294e-01
1.963962e-01
1.951809e-01
1.939659e-01
1.927512e-01
1.915366e-01
1.904046e-01
1.891905e-01
1.879767e-01
1.867632e-01
1.855498e-01
1.843368e-01
1.831239e-01
1.819113e-01
1.806990e-01
1.795690e-01
1.783571e-01
1.771455e-01
1.759341e-01
1.747230e-01
1.735121e-01
1.723014e-01
1.710910e-01
1.698808e-01
1.686708e-01
1.673791e-01
1.661696e-01
1.649604e-01
1.637515e-01
1.625428e-01
1.613343e-01
1.601260e-01
1.589180e-01
1.577103e-01
1.564208e-01
1.552135e-01
1.540065e-01
1.527997e-01
1.515932e-01
1.503050e-01
1.490989e-01
1.478931e-01
1.466875e-01
1.454003e-01
1.441952e-01
1.429904e-01
1.417039e-01
1.404996e-01
1.392955e-01
1.380098e-01
1.368062e-01
1.356028e-01
1.343178e-01
1.331149e-01
1.318305e-01
1.306281e-01
1.293442e-01
1.281422e-01
1.269406e-01
1.256574e-01
1.244562e-01
1.231735e-01
1.219728e-01
1.206907e-01
1.194904e-01
1.182088e-01
1.169274e-01
1.157279e-01
1.144470e-01
1.132480e-01
1.119676e-01
1.106875e-01
1.094892e-01
1.082096e-01
1.069302e-01
1.057327e-01
1.044538e-01
1.031752e-01
1.019784e-01
1.007003e-01
9.942242e-02
9.814482e-02
9.694901e-02
9.567191e-02
9.439507e-02
9.311848e-02
9.192364e-02
9.064756e-02
8.937173e-02
8.809615e-02
8.682083e-02
8.554577e-02
8.427096e-02
8.307784e-02
8.180353e-02
8.052947e-02
7.925568e-02
7.798213e-02
7.670884e-02
7.543581e-02
7.416303e-02
7.289051e-02
7.161824e-02
7.034622e-02
6.907446e-02
6.780295e-02
6.653170e-02
6.526070e-02
6.398995e-02
6.271946e-02
6.136795e-02
6.009797e-02
5.882825e-02
5.755879e-02
5.628957e-02
5.502061e-02
5.375191e-02
5.240224e-02
5.113405e-02
4.986611e-02
4.859843e-02
4.733099e-02
4.598265e-02
4.471573e-02
4.344907e-02
4.210152e-02
4.083537e-02
3.956947e-02
3.822271e-02
3.695733e-02
3.569220e-02
3.434624e-02
3.308162e-02
3.181726e-02
3.047209e-02
2.920824e-02
2.786360e-02
2.660026e-02
2.533717e-02
2.399332e-02
2.273075e-02
2.138743e-02
2.012537e-02
1.878258e-02
1.752103e-02
1.617877e-02
1.491774e-02
1.357601e-02
1.223455e-02
1.097428e-02
9.633352e-03
8.373595e-03
7.033194e-03
5.693063e-03
4.434075e-03
3.094472e-03
1.755137e-03
4.969190e-04
8.418878e-04
2.180426e-03
3.437876e-03
4.775887e-03
6.113630e-03
7.451105e-03
8.707528e-03
1.004448e-02
1.138116e-02
1.271757e-02
1.405371e-02
1.530885e-02
1.664447e-02
1.797982e-02
1.931491e-02
2.064973e-02
2.198428e-02
2.331856e-02
2.465257e-02
2.598632e-02
2.731980e-02
2.865302e-02
2.990533e-02
3.123802e-02
3.257045e-02
3.390260e-02
3.523450e-02
3.656612e-02
3.797806e-02
3.930915e-02
4.063996e-02
4.197052e-02
4.330080e-02
4.463082e-02
4.596058e-02
4.729006e-02
4.861929e-02
4.994825e-02
5.135743e-02
5.268585e-02
5.401400e-02
5.534189e-02
5.666951e-02
5.807731e-02
5.940439e-02
6.073121e-02
6.205777e-02
6.346446e-02
6.479048e-02
6.611623e-02
6.752210e-02
6.884731e-02
7.017226e-02
7.157730e-02
7.290171e-02
7.422585e-02
7.563006e-02
7.695367e-02
7.835733e-02
7.968040e-02
8.100321e-02
8.240604e-02
8.372831e-02
8.513058e-02
8.645232e-02
8.785404e-02
8.917524e-02
9.057641e-02
9.189708e-02
9.329769e-02
9.469802e-02
9.601788e-02
9.741766e-02
9.873698e-02
1.001362e-01
1.015352e-01
1.028537e-01
1.042521e-01
1.056502e-01
1.069679e-01
1.083655e-01
1.097627e-01
1.110797e-01
1.124764e-01
1.138728e-01
1.152690e-01
1.165848e-01
1.179805e-01
1.193758e-01
1.207709e-01
1.220856e-01
1.234801e-01
1.248744e-01
1.262683e-01
1.276620e-01
1.290554e-01
1.304485e-01
1.318413e-01
1.331540e-01
1.345463e-01
1.359383e-01
1.373300e-01
1.387215e-01
1.401126e-01
1.415035e-01
1.428941e-01
1.442845e-01
1.456745e-01
1.470643e-01
1.484538e-01
1.498431e-01
1.512320e-01
1.527005e-01
1.540889e-01
1.554770e-01
1.568648e-01
1.582524e-01
1.596397e-01
1.610267e-01
1.624932e-01
1.638796e-01
1.652658e-01
1.666516e-01
1.680372e-01
1.695023e-01
1.708873e-01
1.722721e-01
1.736566e-01
1.751205e-01
1.765044e-01
1.778881e-01
1.793511e-01
1.807342e-01
1.821170e-01
1.835792e-01
1.849614e-01
1.863434e-01
1.878047e-01
1.891861e-01
1.906469e-01
1.920277e-01
1.934879e-01
1.948682e-01
1.963277e-01
1.977075e-01
1.991665e-01
2.005456e-01
2.020041e-01
2.033827e-01
2.048405e-01
2.062186e-01
2.076758e-01
2.090534e-01
2.105100e-01
2.119664e-01
2.133431e-01
2.147989e-01
2.162544e-01
2.176303e-01
2.190852e-01
2.205399e-01
2.219149e-01
2.233690e-01
2.248228e-01
2.261969e-01
2.276501e-01
2.291031e-01
2.305557e-01
2.320080e-01
2.333808e-01
2.348326e-01
2.362841e-01
2.377352e-01
2.391861e-01
2.406368e-01
2.420078e-01
2.434579e-01
2.449076e-01
2.463571e-01
2.478062e-01
2.492551e-01
2.507037e-01
2.521520e-01
2.536000e-01
2.550477e-01
2.564952e-01
2.579423e-01
2.593892e-01
2.608357e-01
2.622820e-01
2.637280e-01
2.651737e-01
2.666191e-01
2.680642e-01
2.695881e-01
2.710326e-01
2.724769e-01
2.739208e-01
2.753645e-01
2.768079e-01
2.783300e-01
2.797728e-01
2.812153e-01
2.826575e-01
2.840994e-01
2.856200e-01
2.870614e-01
2.885024e-01
2.900221e-01
2.914626e-01
2.929028e-01
2.944216e-01
2.958612e-01
2.973005e-01
2.988184e-01
3.002572e-01
3.016956e-01
3.032126e-01
3.046505e-01
3.061669e-01
3.076042e-01
3.091200e-01
3.105567e-01
3.120719e-01
3.135080e-01
3.150227e-01
3.164582e-01
3.179722e-01
3.194072e-01
3.209206e-01
3.223550e-01
3.238678e-01
3.253016e-01
3.268138e-01
3.283258e-01
3.297587e-01
3.312700e-01
3.327810e-01
3.342131e-01
3.357235e-01
3.372336e-01
3.386648e-01
3.401743e-01
3.416836e-01
3.431925e-01
3.446225e-01
3.461308e-01
3.476389e-01
3.491466e-01
3.506540e-01
3.520826e-01
3.535894e-01
3.550959e-01
3.566021e-01
3.581081e-01
3.596137e-01
3.611190e-01
3.626240e-01
3.640502e-01
3.655547e-01
3.670588e-01
3.685626e-01
3.700661e-01
3.715694e-01
3.730723e-01
3.745749e-01
3.760772e-01
3.775792e-01
3.790810e-01
3.806608e-01
3.821619e-01
3.836627e-01
3.851632e-01
3.866634e-01
3.881633e-01
3.896629e-01
3.911623e-01
3.927396e-01
3.942383e-01
3.957367e-01
3.972348e-01
3.987326e-01
4.003084e-01
4.018056e-01
4.033025e-01
4.047991e-01
4.063737e-01
4.078696e-01
4.093653e-01
4.109390e-01
4.124341e-01
4.139288e-01
4.155015e-01
4.169957e-01
4.184896e-01
4.200614e-01
4.215546e-01
4.231258e-01
4.246185e-01
4.261890e-01
4.276810e-01
4.291728e-01
4.307424e-01
4.322336e-01
4.338025e-01
4.353712e-01
4.368615e-01
4.384295e-01
4.399192e-01
4.414866e-01
4.429756e-01
4.445424e-01
4.461089e-01
4.475970e-01
4.491629e-01
4.506504e-01
4.522157e-01
4.537806e-01
4.553452e-01
4.568315e-01
4.583955e-01
4.599592e-01
4.614446e-01
4.630077e-01
4.645704e-01
4.661329e-01
4.676950e-01
4.691789e-01
4.707404e-01
4.723016e-01
4.738625e-01
4.754230e-01
4.769833e-01
4.784654e-01
4.800250e-01
4.815844e-01
4.831434e-01
4.847021e-01
4.862605e-01
4.878185e-01
4.893763e-01
4.909337e-01
4.924909e-01
4.940477e-01
4.956042e-01
4.971604e-01
4.987163e-01
5.002719e-01
5.018272e-01
5.033821e-01
5.049368e-01
5.065688e-01
5.081228e-01
5.096765e-01
5.112299e-01
5.127830e-01
5.143358e-01
5.159659e-01
5.175180e-01
5.190699e-01
5.206214e-01
5.221726e-01
5.238011e-01
5.253517e-01
5.269020e-01
5.285295e-01
5.300791e-01
5.316285e-01
5.331775e-01
5.348037e-01
5.363521e-01
5.379777e-01
5.395255e-01
5.410730e-01
5.426976e-01
5.442444e-01
5.458684e-01
5.474146e-01
5.490380e-01
5.505836e-01
5.521289e-01
5.537512e-01
5.552959e-01
5.569176e-01
5.585390e-01
5.600827e-01
5.617035e-01
5.632466e-01
5.648667e-01
5.664092e-01
5.680287e-01
5.696478e-01
5.711894e-01
5.728079e-01
5.744261e-01
5.759667e-01
5.775842e-01
5.792015e-01
5.807411e-01
5.823577e-01
5.839740e-01
5.855899e-01
5.871283e-01
5.887436e-01
5.903586e-01
5.919733e-01
5.935876e-01
5.951244e-01
5.967381e-01
5.983515e-01
5.999646e-01
6.015773e-01
6.031897e-01
6.048018e-01
6.064135e-01
6.080249e-01
6.096360e-01
6.112468e-01
6.128573e-01
6.143904e-01
6.160002e-01
6.176868e-01
6.192959e-01
6.209048e-01
6.225133e-01
6.241215e-01
6.257294e-01
6.273370e-01
6.289443e-01
6.305512e-01
6.321578e-01
6.337641e-01
6.354470e-01
6.370526e-01
6.386579e-01
6.402629e-01
6.418676e-01
6.435488e-01
6.451528e-01
6.467566e-01
6.483599e-01
6.500398e-01
6.516426e-01
6.532450e-01
6.548471e-01
6.565257e-01
6.581271e-01
6.597283e-01
6.614059e-01
6.630063e-01
6.646833e-01
6.662831e-01
6.678826e-01
6.695585e-01
6.711574e-01
6.728327e-01
6.744309e-01
6.761055e-01
6.777031e-01
6.793770e-01
6.809740e-01
6.826473e-01
6.842435e-01
6.859162e-01
6.875118e-01
6.891838e-01
6.908554e-01
6.924501e-01
6.941210e-01
6.957150e-01
6.973853e-01
6.990553e-01
7.006484e-01
7.023177e-01
7.039866e-01
7.056553e-01
7.072470e-01
7.089150e-01
7.105827e-01
7.121735e-01
7.138404e-01
7.155071e-01
7.171734e-01
7.188394e-01
7.205050e-01
7.220939e-01
7.237589e-01
7.254235e-01
7.270879e-01
7.287519e-01
7.304155e-01
7.320788e-01
7.337418e-01
7.354045e-01
7.370668e-01
7.387288e-01
7.403141e-01
7.419754e-01
7.437128e-01
7.453735e-01
7.470338e-01
7.486938e-01
7.503535e-01
7.520128e-01
7.536718e-01
7.553305e-01
7.569888e-01
7.586468e-01
7.603045e-01
7.619618e-01
7.636951e-01
7.653518e-01
7.670081e-01
7.686641e-01
7.703198e-01
7.720514e-01
7.737064e-01
7.753611e-01
7.770154e-01
7.787456e-01
7.803993e-01
7.820526e-01
7.837818e-01
7.854345e-01
7.870868e-01
7.888150e-01
7.904667e-01
7.921941e-01
7.938451e-01
7.954958e-01
7.972222e-01
7.988723e-01
8.005980e-01
8.022474e-01
8.039724e-01
8.056211e-01
8.073455e-01
8.089935e-01
8.107172e-01
8.123646e-01
8.140876e-01
8.157343e-01
8.174566e-01
8.191785e-01
8.208242e-01
8.225455e-01
8.241906e-01
8.259112e-01
8.276314e-01
8.292755e-01
8.309951e-01
8.327143e-01
8.344332e-01
8.360759e-01
8.377941e-01
8.395120e-01
8.411537e-01
8.428709e-01
8.445877e-01
8.463042e-01
8.480204e-01
8.497362e-01
8.513759e-01
8.530911e-01
8.548059e-01
8.565203e-01
8.582344e-01
8.599482e-01
8.616616e-01
8.633747e-01
8.650874e-01
8.667998e-01
8.685119e-01
8.702236e-01
8.719349e-01
8.736460e-01
8.753567e-01
8.770670e-01
8.787770e-01
8.804867e-01
8.821960e-01
8.839049e-01
8.856136e-01
8.873219e-01
8.890298e-01
8.907374e-01
8.925203e-01
8.942272e-01
8.959337e-01
8.976400e-01
8.993459e-01
9.011269e-01
9.028322e-01
9.045370e-01
9.062415e-01
9.080212e-01
9.097250e-01
9.114285e-01
9.132071e-01
9.149100e-01
9.166124e-01
9.183900e-01
9.200918e-01
9.217932e-01
9.235697e-01
9.252705e-01
9.270462e-01
9.287463e-01
9.305214e-01
9.322208e-01
9.339198e-01
9.356939e-01
9.373922e-01
9.391656e-01
9.408632e-01
9.426359e-01
9.444081e-01
9.461048e-01
9.478764e-01
9.495723e-01
9.513432e-01
9.531137e-01
9.548086e-01
9.565784e-01
9.583479e-01
9.600418e-01
9.618106e-01
9.635790e-01
9.652718e-01
9.670396e-01
9.688069e-01
9.704987e-01
9.722654e-01
9.740317e-01
9.757976e-01
9.775632e-01
9.792534e-01
9.810183e-01
9.827828e-01
9.845470e-01
9.863108e-01
9.880743e-01
9.898374e-01
9.916002e-01
9.932876e-01
9.950497e-01
9.968114e-01
9.985728e-01
1.000334e+00
1.002094e+00
1.003855e+00
1.005615e+00
1.007374e+00
1.009134e+00
1.010893e+00
1.012726e+00
1.014484e+00
1.016242e+00
1.018000e+00
1.019757e+00
1.021514e+00
1.023270e+00
1.025026e+00
1.026857e+00
1.028612e+00
1.030367e+00
1.032122e+00
1.033876e+00
1.035705e+00
1.037459e+00
1.039212e+00
1.040965e+00
1.042792e+00
1.044544e+00
1.046296e+00
1.048122e+00
1.049874e+00
1.051624e+00
1.053450e+00
1.055200e+00
1.057024e+00
1.058774e+00
1.060523e+00
1.062346e+00
1.064094e+00
1.065917e+00
1.067665e+00
1.069487e+00
1.071234e+00
1.073055e+00
1.074801e+00
1.076622e+00
1.078367e+00
1.080187e+00
1.082006e+00
1.083751e+00
1.085569e+00
1.087313e+00
1.089131e+00
1.090949e+00
1.092691e+00
1.094508e+00
1.096325e+00
1.098067e+00
1.099882e+00
1.101698e+00
1.103513e+00
1.105253e+00
1.107067e+00
1.108881e+00
1.110695e+00
1.112508e+00
1.114247e+00
1.116059e+00
1.117872e+00
1.119683e+00
1.121495e+00
1.123306e+00
1.125117e+00
1.126853e+00
1.128663e+00
1.130472e+00
1.132282e+00
1.134091e+00
1.135899e+00
1.137707e+00
1.139515e+00
1.141323e+00
1.143130e+00
1.144937e+00
1.146743e+00
1.148623e+00
1.150429e+00
1.152234e+00
1.154039e+00
1.155844e+00
1.157648e+00
1.159452e+00
1.161256e+00
1.163133e+00
1.164936e+00
1.166738e+00
1.168540e+00
1.170416e+00
1.172217e+00
1.174018e+00
1.175819e+00
1.177693e+00
1.179493e+00
1.181293e+00
1.183166e+00
1.184965e+00
1.186763e+00
1.188636e+00
1.190433e+00
1.192231e+00
1.194102e+00
1.195898e+00
1.197769e+00
1.199565e+00
1.201434e+00
1.203229e+00
1.205098e+00
1.206893e+00
1.208761e+00
1.210555e+00
1.212422e+00
1.214215e+00
1.216082e+00
1.217874e+00
1.219740e+00
1.221605e+00
1.223396e+00
1.225261e+00
1.227052e+00
1.228916e+00
1.230779e+00
1.232569e+00
1.234432e+00
1.236294e+00
1.238156e+00
1.239944e+00
1.241806e+00
1.243667e+00
1.245527e+00
1.247388e+00
1.249174e+00
1.251033e+00
1.252893e+00
1.254751e+00
1.256610e+00
1.258468e+00
1.260252e+00
1.262109e+00
1.263966e+00
1.265823e+00
1.267679e+00
1.269535e+00
1.271391e+00
1.273246e+00
1.275100e+00
1.276955e+00
1.278809e+00
1.280662e+00
1.282516e+00
1.284369e+00
1.286221e+00
1.288073e+00
1.289999e+00
1.291850e+00
1.293701e+00
1.295552e+00
1.297402e+00
1.299252e+00
1.301102e+00
1.303024e+00
1.304873e+00
1.306721e+00
1.308570e+00
1.310491e+00
1.312338e+00
1.314185e+00
1.316032e+00
1.317951e+00
1.319797e+00
1.321643e+00
1.323561e+00
1.325406e+00
1.327250e+00
1.329168e+00
1.331011e+00
1.332928e+00
1.334771e+00
1.336687e+00
1.338529e+00
1.340371e+00
1.342285e+00
1.344126e+00
1.346040e+00
1.347881e+00
1.349794e+00
1.351707e+00
1.353546e+00
1.355458e+00
1.357296e+00
1.359208e+00
1.361119e+00
1.362956e+00
1.364866e+00
1.366703e+00
1.368612e+00
1.370521e+00
1.372357e+00
1.374265e+00
1.376173e+00
1.378080e+00
1.379914e+00
1.381821e+00
1.383728e+00
1.385634e+00
1.387539e+00
1.389371e+00
1.391276e+00
1.393181e+00
1.395085e+00
1.396989e+00
1.398892e+00
1.400795e+00
1.402624e+00
1.404527e+00
1.406428e+00
1.408330e+00
1.410231e+00
1.412132e+00
1.414032e+00
1.415932e+00
1.417831e+00
1.419731e+00
1.421629e+00
1.423528e+00
1.425426e+00
1.427397e+00
1.429294e+00
1.431191e+00
1.433087e+00
1.434983e+00
1.436879e+00
1.438774e+00
1.440742e+00
1.442637e+00
1.444531e+00
1.446425e+00
1.448319e+00
1.450285e+00
1.452177e+00
1.454070e+00
1.456034e+00
1.457926e+00
1.459817e+00
1.461708e+00
1.463671e+00
1.465561e+00
1.467524e+00
1.469413e+00
1.471302e+00
1.473263e+00
1.475151e+00
1.477112e+00
1.478999e+00
1.480959e+00
1.482846e+00
1.484732e+00
1.486690e+00
1.488649e+00
1.490534e+00
1.492491e+00
1.494375e+00
1.496332e+00
1.498216e+00
1.500172e+00
1.502127e+00
1.504009e+00
1.505964e+00
1.507846e+00
1.509800e+00
1.511753e+00
1.513706e+00
1.515587e+00
1.517539e+00
1.519491e+00
1.521370e+00
1.523321e+00
1.525272e+00
1.527222e+00
1.529172e+00
1.531049e+00
1.532999e+00
1.534947e+00
1.536896e+00
1.538844e+00
1.540792e+00
1.542739e+00
1.544686e+00
1.546560e+00
1.548506e+00
1.550452e+00
1.552397e+00
1.554342e+00
1.556287e+00
1.558231e+00
1.560175e+00
1.562118e+00
1.564061e+00
1.566076e+00
1.568018e+00
1.569960e+00
1.571902e+00
1.573843e+00
1.575783e+00
1.577724e+00
1.579664e+00
1.581675e+00
1.583615e+00
1.585553e+00
1.587492e+00
1.589430e+00
1.591439e+00
1.593377e+00
1.595313e+00
1.597250e+00
1.599258e+00
1.601194e+00
1.603129e+00
1.605136e+00
1.607070e+00
1.609004e+00
1.611010e+00
1.612943e+00
1.614949e+00
1.616881e+00
1.618813e+00
1.620817e+00
1.622748e+00
1.624751e+00
1.626682e+00
1.628684e+00
1.630614e+00
1.632615e+00
1.634544e+00
1.636545e+00
1.638473e+00
1.640473e+00
1.642473e+00
1.644400e+00
1.646398e+00
1.648397e+00
1.650323e+00
1.652320e+00
1.654317e+00
1.656242e+00
1.658238e+00
1.660234e+00
1.662158e+00
1.664153e+00
1.666147e+00
1.668142e+00
1.670064e+00
1.672057e+00
1.674050e+00
1.676043e+00
1.678035e+00
1.680027e+00
1.681947e+00
1.683938e+00
1.685929e+00
1.687919e+00
1.689909e+00
1.691899e+00
1.693888e+00
1.695876e+00
1.697865e+00
1.699853e+00
1.701840e+00
1.703827e+00
1.705814e+00
1.707800e+00
1.709786e+00
1.711772e+00
1.713757e+00
